3
YCC
yes
3
11
3
1
42
0
6
54
1
2
98
0
 0
68
5
4
68
0
7
63
1
38
83
5
60
94
6
15
55
1
 1
155
7
59
35
6
52
12
6
39
63
5
40
30
5
36
17
4
28
97
3
25
62
2
 2
2
niv
yes
herzel
tel_aviv
15
42
0
155
10000
155
7
59
35
6
52
12
6
39
63
5
40
30
5
36
17
4
28
97
3
25
62
2
 2
521212122
209111111
4
3
2024
ziv
yes
menifa
herzlia
69
23
0
68
10000
68
5
4
68
0
7
63
1
38
83
5
60
94
6
15
55
1
 1
563232333
208222222
4
4
2024
4
alon
3
517777555
0
0
1000
gila
ashdod
43
36
bar
2
587878788
0
0
1000
etrug
natanya
69
22
gal
1
521111111
0
0
1000
yona
haifa
23
41
nir
0
512121222
0
0
1000
lev
ashkelon
12
47
1
3
0
0
100000
3
HCC
hot
3
11
3
1
96
0
3
26
0
7
63
1
 0
95
6
6
76
1
47
91
5
15
19
1
31
52
3
28
42
3
60
55
6
 1
143
8
58
95
6
56
8
6
39
97
5
47
6
5
29
18
3
2
96
0
18
3
2
13
46
1
 2
2
ido
hot
lolav
nes_ziona
8
6
0
11
10000
11
3
1
96
0
3
26
0
7
63
1
 0
541616253
206888888
9
4
2024
ran
hot
dekel
dimona
145
123
0
143
10000
143
8
58
95
6
56
8
6
39
97
5
47
6
5
29
18
3
2
96
0
18
3
2
13
46
1
 2
596363633
207818111
14
2
2024
4
eden
3
533333333
0
0
1000
hamacabim
shoam
156
12
ben
2
532699269
0
0
1000
hanavie
gedera
68
86
gil
1
574488999
0
0
1000
hamasger
herzila
26
15
dor
0
526262666
0
0
1000
salame
tel_aviv
111
222
1
5
0
0
100000
3
FRE
freeTv
3
13
3
2
42
0
6
54
1
8
98
1
 0
95
6
26
68
3
50
63
5
48
83
5
31
94
3
17
55
2
9
35
1
 1
180
8
60
12
6
59
63
6
49
30
5
48
17
5
36
97
4
35
62
4
30
96
3
29
26
3
 2
2
dani
freeTv
erez
beer-sheva
15
89
0
180
10000
180
8
60
12
6
59
63
6
49
30
5
48
17
5
36
97
4
35
62
4
30
96
3
29
26
3
 2
579988989
203233233
3
1
2024
yael
freeTv
shlume
netivot
65
23
0
180
10000
180
8
60
12
6
59
63
6
49
30
5
48
17
5
36
97
4
35
62
4
30
96
3
29
26
3
 2
544848788
202322322
26
1
2024
4
lavi
0
514545122
0
0
1000
brush
shderot
17
82
gil
1
563332322
0
0
1000
dror
tel_aviv
16
12
gur
3
564646526
0
0
1000
panda
natanya
10
125
sivan
2
596236232
0
0
1000
tel-baruch
kadima
26
98
1
6
0
0
100000
3
